Variable values:
x: 0.7071067811865476
y: 0.7071067811865476
