Objective value: 41864.177712614524
Variable values:
PG1: 6.715933533266847
PG2: 6.460000064597665
PG3: 6.711538595994945
PG4: 6.520000065182512
PG5: 5.080000050799529
PG6: 6.614543604510545
PG7: 5.800000057999096
PG8: 5.640000056399209
PG9: 6.5403383772384895
PG10: 6.8959094914094035
QG1: 1.3999999860248253
QG2: 3.0000000299409155
QG3: 3.0000000297297063
QG4: 1.1507995782290479
QG5: 1.3959169245107916
QG6: 2.2290613345562336
QG7: 0.6062982961948918
QG8: 0.0863716908827201
QG9: -0.32766086658561844
QG10: 0.8208966086358357
V1: 1.0412463945080808
V2: 1.054425994834015
V3: 1.0455451900720714
V4: 1.0353823772549582
V5: 1.0439517235505835
V6: 1.0479931913117952
V7: 1.035736646666691
V8: 1.033835034506785
V9: 1.0565958909268311
V10: 1.059840138213194
V11: 1.054575576867182
V12: 1.0421048022645767
V13: 1.0542937378390922
V14: 1.0448523241087424
V15: 1.0358865358513694
V16: 1.0463936403011977
V17: 1.047420866728084
V18: 1.0454685075642403
V19: 1.0600000105990612
V20: 0.9968141720367603
V21: 1.0440743795309788
V22: 1.0596318164365857
V23: 1.0522439989313461
V24: 1.0508118678680898
V25: 1.060000010599583
V26: 1.0600000105997076
V27: 1.0487008408405571
V28: 1.055369687489924
V29: 1.0531711702977964
V30: 1.046344961412761
V31: 1.0384749294987832
V32: 1.0397613299518937
V33: 1.0072102902534052
V34: 1.0132162415049488
V35: 1.0600000105978482
V36: 1.060000010598431
V37: 1.031566965909859
V38: 1.0227224806914523
V39: 1.0380682459946562
THETA1: -0.23344727503107193
THETA2: -0.0948296850378047
THETA3: -0.1566704201772613
THETA4: -0.1813791943618577
THETA5: -0.16916171470003485
THETA6: -0.15716715717857577
THETA7: -0.19933113821161233
THETA8: -0.21083899401868572
THETA9: -0.2631631152020523
THETA10: -0.11465387907301276
THETA11: -0.12906965350750693
THETA12: -0.12824783201595058
THETA13: -0.1253174792027444
THETA14: -0.15019118936893014
THETA15: -0.15188897554938102
THETA16: -0.1258546654855347
THETA17: -0.1452414365057212
THETA18: -0.15687583731116211
THETA19: -0.04315687435483414
THETA20: -0.06722313557598192
THETA21: -0.08253256126651869
THETA22: -0.004065893535564185
THETA23: -0.006733425600468531
THETA24: -0.12307781588817877
THETA25: -0.07927676866102554
THETA26: -0.13206096944222406
THETA27: -0.1579515150846744
THETA28: -0.1081732108914661
THETA29: -0.07214273189613302
THETA30: 0.018343966393653707
THETA31: 0
THETA32: 0.016053212758781552
THETA33: 0.048954387614925716
THETA34: 0.022994626468252764
THETA35: 0.08235916992510342
THETA36: 0.13490868256482458
THETA37: 0.04363961097277546
THETA38: 0.025355003076542856
THETA39: -0.29572228361337954
