Objective value: 41737.78705471332
Variable values:
PG1: 1.426262949933819
PG2: 0.8779099063787555
PG3: 0.4507094789914592
PG4: 0.7286263549135764
PG5: 4.598048197421617
PG6: 0.9763449224423756
PG7: 3.6152203003581502
QG1: 0.44585216257968036
QG2: 0.5000000037228604
QG3: 0.287536285627196
QG4: 0.07763279261017506
QG5: 0.8719886578292829
QG6: 0.09000000611595135
QG7: 0.43257239370274597
V1: 1.0092917707222508
V2: 1.0075543208019468
V3: 1.003263184178977
V4: 1.0064666746496713
V5: 1.015800453791345
V6: 1.0256673511339507
V7: 1.024392440397841
V8: 1.043827366531281
V9: 1.0040759839558353
V10: 0.9842300284434164
V11: 0.9838536609796563
V12: 0.9918489288664829
V13: 0.9776436515904895
V14: 0.9703077853190614
V15: 0.988135996981153
V16: 0.9909394008320195
V17: 0.9927516649661956
V18: 1.0262904499669232
V19: 0.9883738315167591
V20: 0.9770780146673295
V21: 1.0151436222835555
V22: 1.0150840938488066
V23: 1.0143847712069873
V24: 1.017205014229194
V25: 1.000735646816085
V26: 0.9761724824957728
V27: 1.0127591113332837
V28: 1.0332435229312154
V29: 1.0503513948427392
V30: 0.9800022546686894
V31: 0.950822469300979
V32: 0.9601059334782907
V33: 0.9578364320386967
V34: 0.966749539328581
V35: 0.973143263912887
V36: 0.9822494438576964
V37: 0.9906384210645633
V38: 1.0164304930931705
V39: 0.9887699951863621
V40: 0.9795621271262541
V41: 1.0066795267539619
V42: 0.9749958650488953
V43: 1.0198622873212326
V44: 1.0191183245854132
V45: 1.0347639865382012
V46: 1.0600000105250076
V47: 1.0344651438576329
V48: 1.0293889956446383
V49: 1.0377327336878943
V50: 1.024117843864265
V51: 1.0520461659639042
V52: 1.0193373685979734
V53: 1.0090156563516735
V54: 1.02935143752919
V55: 1.0586641481901882
V56: 0.9746386560262477
V57: 0.9699326377443609
THETA1: 0
THETA2: 0.014321419825442563
THETA3: -0.020405984999773075
THETA4: -0.01859643603638768
THETA5: -0.0006130377169665087
THETA6: 0.015367303095270233
THETA7: 0.029089660667819543
THETA8: 0.08245767626533802
THETA9: -0.0015485092613107963
THETA10: -0.06244917071990376
THETA11: -0.03913582229249972
THETA12: -0.060869824064236036
THETA13: -0.055079135347959426
THETA14: -0.061379316449135336
THETA15: -0.0444132803241998
THETA16: -0.06891861667999523
THETA17: -0.050456657467287336
THETA18: -0.09245364546404902
THETA19: -0.11631215103044418
THETA20: -0.11931349842302451
THETA21: -0.11385499509923845
THETA22: -0.11275860908593811
THETA23: -0.11288394461888994
THETA24: -0.10206367496493692
THETA25: -0.1880030000493157
THETA26: -0.09307671196219798
THETA27: -0.049840018493242204
THETA28: -0.026312369946282683
THETA29: -0.010893756083987108
THETA30: -0.19824937983163832
THETA31: -0.21218522071297882
THETA32: -0.2015835728593044
THETA33: -0.20226124085068437
THETA34: -0.1330498140812212
THETA35: -0.12923278621974468
THETA36: -0.1247793120828325
THETA37: -0.12209817604052711
THETA38: -0.11223643299385015
THETA39: -0.12254323550646645
THETA40: -0.12463499879627482
THETA41: -0.1119226272967688
THETA42: -0.1402583561461968
THETA43: -0.06069762093463622
THETA44: -0.10315514790678075
THETA45: -0.07093346275123645
THETA46: -0.08883415592620471
THETA47: -0.10990866962867622
THETA48: -0.11045144875472214
THETA49: -0.11062072341802134
THETA50: -0.11168941653326502
THETA51: -0.08406076919552241
THETA52: -0.03772331919852508
THETA53: -0.04935049399473109
THETA54: -0.038252277125268165
THETA55: -0.021345164671598346
THETA56: -0.15294240822494165
THETA57: -0.16440088410974713
