Objective value: 17545.72542482958
Variable values:
V1: 1.084028076575362
V2: 1.08586954933736
V3: 1.1000000109973362
V4: 1.059188481432394
V5: 1.0789529707090493
THETA1: 0.047747284171239315
THETA2: -0.013301480936154533
THETA3: -0.010162641838136083
THETA4: 0
THETA5: 0.06098195216205381
PG1: 0.4000000099986138
PG2: 1.7000000169978795
PG3: 3.241400961606251
PG4: -0.000000009965249944440519
PG5: 4.711522540376949
QG1: 0.30000000998855963
QG2: 1.275000012738577
QG3: 3.900000038963795
QG4: -1.205728139742629
QG5: -0.543322993476943
