Objective value: 5296.68620431761
Variable values:
PG1: 0.8979870685071148
PG2: 1.343206011886868
PG3: 0.9418738089581109
QG1: 0.12965399204805406
QG2: 0.00031987619558690526
QG3: -0.22634076126698913
V1: 1.0999995652827035
V2: 1.0973547169976436
V3: 1.086620385149638
V4: 1.0942212087556769
V5: 1.0844482912265712
V6: 1.100000010285162
V7: 1.089489495122227
V8: 1.1000000103078604
V9: 1.0717552399856662
THETA1: 0
THETA2: 0.08541011066833508
THETA3: 0.05671511315111993
THETA4: -0.042986162961923716
THETA5: -0.06949876021774358
THETA6: 0.010522316375805413
THETA7: -0.020878969306600433
THETA8: 0.015806198824993956
THETA9: -0.08055116863692784
