Objective value: 8081.524863211893
Variable values:
PG1: 1.9433026223275753
PG2: 0.36719177861648294
PG3: 0.28742775690249933
PG4: -0.000000009984464006660016
PG5: 0.08494992101299519
QG1: -0.000000009955585690888025
QG2: 0.23685279252120695
QG3: 0.24126906455594935
QG4: 0.11545898935443046
QG5: 0.08273038990597786
V1: 1.060000010599306
V2: 1.0407532441084917
V3: 1.0156254539752665
V4: 1.014461083554767
V5: 1.0163627955346575
V6: 1.0600000105928618
V7: 1.04634717130161
V8: 1.0600000105943352
V9: 1.043699395586948
V10: 1.0391369754834276
V11: 1.0460097333338314
V12: 1.0448205040803291
V13: 1.0399489898488996
V14: 1.0238889019345303
THETA1: 0
THETA2: -0.0702027176507648
THETA3: -0.1732399317802675
THETA4: -0.15123088256834483
THETA5: -0.1296507940705702
THETA6: -0.22146931352517585
THETA7: -0.19526562691235677
THETA8: -0.18177360217849764
THETA9: -0.22684341284389342
THETA10: -0.23095792402880533
THETA11: -0.22848066069717496
THETA12: -0.23619095639565046
THETA13: -0.23706098994162655
THETA14: -0.2491303921041823
