Objective value: 574.5168351061757
Variable values:
PG1: 0.4379181987032237
PG2: 0.5796429749239124
PG3: 0.23073891878937275
PG4: 0.3263296811956212
PG5: 0.16810627669802292
PG6: 0.1734576202159641
QG1: -0.010963516525375087
QG2: 0.22888715630526785
QG3: 0.2894227055194664
QG4: 0.14374659429669598
QG5: 0.07050588273243048
QG6: 0.2673165121231683
V1: 1.0500000104762623
V2: 1.0469573776724015
V3: 1.0338489263750754
V4: 1.0310033980549977
V5: 1.0321282860793302
V6: 1.0245157064359474
V7: 1.0185389936978686
V8: 1.012941653254554
V9: 1.0312848871836147
V10: 1.0349395393767336
V11: 1.0312848871836147
V12: 1.0500000104953224
V13: 1.084276589310438
V14: 1.0391204134230072
V15: 1.0410294159139941
V16: 1.036701469646519
V17: 1.0303889146759517
V18: 1.0266410274202389
V19: 1.0215485043798271
V20: 1.0240257803619437
V21: 1.0406838662461624
V22: 1.046206307243475
V23: 1.0540908830588862
V24: 1.040702722788632
V25: 1.0500000104928036
V26: 1.0330440283655673
V27: 1.0639819175758485
V28: 1.0278108000351953
V29: 1.0449327596869658
V30: 1.0339907323418718
THETA1: 0
THETA2: -0.01261992737478855
THETA3: -0.035669415888555475
THETA4: -0.04244136328700221
THETA5: -0.03883307626326938
THETA6: -0.04877058917789466
THETA7: -0.053439061740885696
THETA8: -0.055901282510445155
THETA9: -0.0651184495593664
THETA10: -0.07359509090497185
THETA11: -0.0651184495593664
THETA12: -0.06934688779824631
THETA13: -0.048015212098880815
THETA14: -0.07862567197828611
THETA15: -0.07515079654741144
THETA16: -0.07603597691057812
THETA17: -0.07785865802217148
THETA18: -0.08681670457480062
THETA19: -0.09053657445265119
THETA20: -0.08721023598897869
THETA21: -0.07346247989982667
THETA22: -0.07133274132919219
THETA23: -0.05839943589097019
THETA24: -0.06273297308627393
THETA25: -0.03790312558487085
THETA26: -0.04486365585063378
THETA27: -0.01824087029172949
THETA28: -0.04828173405026866
THETA29: -0.03823384306772252
THETA30: -0.052218946830118226
