Variable values:
x: 0.5555555555555555
y: 1.7777777777777777
z: 3.6666666666666665
