Variable values:
V1: 1
V2: 0.9892612371183941
V3: 1
V4: 1
V5: 1
THETA1: 0.05713092450763908
THETA2: -0.013251748935894637
THETA3: -0.008591534693000804
THETA4: 0
THETA5: 0.07176847990433495
QG1: 0.058524114048747106
QG2: 0.2487274847071752
QG3: 1.9465472018681285
QG4: 1.841229301609696
QG5: -0.38209623444663354
PG_balancenode: 0.05027180043443861
